3208055667;
3899957733;
3475331211;
3496411929;
3703117251;
3479210442;
3285616582;
3887717733;
3201538288;
3479389413;
3289424590;
3488968023;
3482638977;
3343057778;
3348029988;
3282314169;
3342061465;
3428037986;
3485722265;
3454130208;
3409744875;
3470384747;
3921451423;
3384328180;
3287629481;
3393129260;
3273430748;
3470755377;
3290209242;
3913814893;
3711479338;
3273799342;
3777753380;
3248080347;
3401797907;
3206467991;
3779798611;
3397254292;
3285643046;
3472982085;
3515265766;
3382488045;
3388365972;
3349911934;
3483276117;
3713946335;
3516368988;
3926422156;
3442747551;
3472348349;
3495025821;
3495535877;
3206872069;
39333142076;
3497203906;
3477955143;
3454587425;
3914679020;
3299764962;
3913509014;
3494922272;
3474236878;
3283237331;
3477950241;
3283773379;
3804992444;
3713547405;
3314584789;
3312871097;
3384095224;
3384374096;
3881007679;
3349808676;
3475728309;
3333807567;
3270178395;
3347231230;
3270132703;
3205583066;
3403897537;
3338532522;
3450418800;
3209775900;
3397074502;
3925746259;
3393248155;
3474184487;
3450111678;
3891515010;
3385829654;
3425655932;
3392326854;
3398463118;
3474901414;
3393452311;
3202641277;
3397992482;
3482770797;
3805975277;
3280158871;
3458565883;
3283397559;
3299683877;
3277088891;
3315880278;
3206794093;
3896496109;
3880927721;
3462136352;
3405598135;
3518615959;
3478816921;
3389136328;
3271946098;
39334771440;
3518748505;
3314780883;
3386117298;
3318773171;
3476335212;
